przedmiot TAS temat D nr_indeksu 396337 liczba_pkt 1 





Zadanie 40 ----------------------------------------------------------------------

Kompilacja serwera:
s396337@lts:~/Desktop/TasSprawozdania/Temat D/zadanie 1/serwer$ ./soapcpp2 -S -c q.h
s396337@lts:~/Desktop/TasSprawozdania/Temat D/zadanie 1/serwer$ gcc -DDEBUG q_serv.c soapC.c soapServer.c stdsoap2.c

Kompilacja klienta:
s396337@lts:~/Desktop/TasSprawozdania/Temat D/zadanie 1/klient$ ./soapcpp2 -C -c q.h
s396337@lts:~/Desktop/TasSprawozdania/Temat D/zadanie 1/klient$ gcc q.c soapC.c soapClient.c stdsoap2.c

Wyjœcie klient:

s396337@lts:~/Desktop/TasSprawozdania/Temat D/zadanie 1/klient$ ./a.out
argument:
1.000000 2.000000 3.000000 4.000000 5.000000 6.000000 7.000000 8.000000 9.000000 10.000000 11.000000 12.000000 13.000000 14.000000 15.000000 16.000000 17.000000 18.000000 19.000000 20.000000 21.000000 22.000000 23.000000 24.000000 25.000000 26.000000 27.000000 28.000000 29.000000 30.000000 31.000000 32.000000 33.000000 34.000000 35.000000 36.000000 37.000000 38.000000 39.000000 40.000000 41.000000 42.000000 43.000000 44.000000 45.000000 46.000000 47.000000 48.000000 49.000000 50.000000 51.000000 52.000000 53.000000 54.000000 55.000000 
wynik:
2.000000 4.000000 6.000000 8.000000 10.000000 12.000000 14.000000 16.000000 18.000000 20.000000 22.000000 24.000000 26.000000 28.000000 30.000000 32.000000 34.000000 36.000000 38.000000 40.000000 42.000000 44.000000 46.000000 48.000000 50.000000 52.000000 54.000000 56.000000 58.000000 60.000000 62.000000 64.000000 66.000000 68.000000 70.000000 72.000000 74.000000 76.000000 78.000000 80.000000 82.000000 84.000000 86.000000 88.000000 90.000000 92.000000 94.000000 96.000000 98.000000 100.000000 102.000000 104.000000 106.000000 108.000000 110.000000

Wyjœcie serwer:

s396337@lts:~/Desktop/TasSprawozdania/Temat D/zadanie 1/serwer$ ./a.out
serwer/dbg: argument:
1.000000 2.000000 3.000000 4.000000 5.000000 6.000000 7.000000 8.000000 9.000000 10.000000 11.000000 12.000000 13.000000 14.000000 15.000000 16.000000 17.000000 18.000000 19.000000 20.000000 21.000000 22.000000 23.000000 24.000000 25.000000 26.000000 27.000000 28.000000 29.000000 30.000000 31.000000 32.000000 33.000000 34.000000 35.000000 36.000000 37.000000 38.000000 39.000000 40.000000 41.000000 42.000000 43.000000 44.000000 45.000000 46.000000 47.000000 48.000000 49.000000 50.000000 51.000000 52.000000 53.000000 54.000000 55.000000}
